30
1 1
1 5
1 11
1 12
1 13
1 14
1 20
1 21
1 22
1 23
2 1
2 2
2 4
2 7
2 8
2 9
2 10
2 13
2 16
2 21
2 22
2 26
2 27
2 28
3 3
3 4
3 5
3 8
3 10
3 12
3 14
3 16
3 20
3 21
3 22
3 25
3 28
3 30
4 2
4 3
4 4
4 5
4 8
4 10
4 14
4 16
4 17
4 21
4 25
4 26
4 29
4 30
5 1
5 8
5 11
5 13
5 14
5 17
5 19
5 21
5 22
5 25
5 26
5 28
5 30
6 2
6 6
6 10
6 11
6 13
6 14
6 15
6 16
6 17
6 18
6 19
6 23
6 25
7 10
7 11
7 12
7 15
7 16
7 19
7 20
7 22
7 24
7 25
7 27
7 29
8 3
8 5
8 6
8 7
8 8
8 9
8 10
8 11
8 12
8 16
8 26
9 2
9 3
9 4
9 9
9 10
9 11
9 17
9 18
9 21
9 26
9 30
10 3
10 4
10 13
10 15
10 16
10 17
10 18
10 20
10 24
10 27
11 3
11 8
11 10
11 14
11 17
11 26
11 29
11 30
12 3
12 6
12 9
12 12
12 13
12 16
12 17
12 18
12 20
12 26
12 27
13 1
13 8
13 10
13 12
13 13
13 17
13 18
13 19
13 22
13 24
13 27
13 28
13 29
14 4
14 5
14 6
14 10
14 13
14 18
14 19
14 20
14 21
14 25
14 26
14 27
14 28
14 29
15 4
15 5
15 9
15 10
15 11
15 12
15 13
15 16
15 17
15 22
15 26
15 28
15 30
16 1
16 2
16 3
16 4
16 10
16 13
16 16
16 18
16 20
16 23
16 24
17 1
17 3
17 5
17 7
17 8
17 9
17 10
17 12
17 15
17 21
17 22
17 23
17 24
17 26
17 27
17 29
18 3
18 5
18 6
18 13
18 16
18 17
18 18
18 21
18 22
19 1
19 4
19 5
19 8
19 12
19 13
19 14
19 15
19 19
19 23
19 26
20 7
20 8
20 11
20 12
20 13
20 16
20 17
20 22
20 23
20 25
20 26
20 28
20 29
20 30
21 2
21 3
21 7
21 16
21 17
21 18
21 22
21 24
21 25
21 28
21 29
21 30
22 9
22 12
22 16
22 17
22 18
22 24
22 25
22 26
23 1
23 3
23 8
23 9
23 10
23 13
23 14
23 17
23 19
23 20
23 26
23 29
23 30
24 5
24 8
24 9
24 10
24 13
24 16
24 17
24 19
24 21
24 23
24 26
24 28
24 30
25 4
25 5
25 10
25 11
25 14
25 21
25 24
25 28
25 30
26 5
26 7
26 10
26 13
26 20
26 21
27 1
27 3
27 5
27 7
27 8
27 12
27 13
27 14
27 18
27 22
27 23
27 24
27 25
27 26
27 30
28 1
28 4
28 6
28 11
28 13
28 14
28 17
28 20
28 23
28 24
28 26
28 30
29 7
29 13
29 14
29 15
29 16
29 20
29 22
29 28
29 29
30 2
30 7
30 8
30 14
30 15
30 16
30 17
30 21
30 24
