20
1 8
1 9
1 13
1 15
1 17
1 18
2 2
2 5
2 8
2 14
2 17
2 18
3 3
3 6
3 7
3 10
3 11
3 13
3 15
4 3
4 5
4 11
4 15
4 20
5 2
5 5
5 13
5 14
5 16
5 18
6 2
6 4
6 7
6 8
6 12
6 13
6 18
7 2
7 4
7 5
7 6
7 8
7 14
7 18
8 7
8 8
8 9
8 11
8 13
8 14
8 15
8 19
9 6
9 9
9 12
9 15
10 6
10 9
10 13
10 18
11 1
11 4
11 14
11 16
11 17
12 2
12 3
12 4
12 5
12 8
12 15
12 18
12 19
12 20
13 1
13 3
13 8
13 12
13 13
13 14
13 19
13 20
14 3
14 7
14 11
14 16
15 4
15 9
15 10
15 18
16 1
16 5
16 8
16 9
16 11
16 16
17 2
17 4
17 5
17 6
17 7
17 13
17 14
17 15
17 17
17 18
18 3
18 4
18 5
18 6
18 7
18 9
18 11
18 14
18 16
18 20
19 1
19 2
19 3
19 9
19 10
19 14
19 15
19 16
19 20
20 1
20 4
20 5
20 6
20 7
20 9
20 12
20 16
