20
1 2
1 6
1 7
1 9
1 18
1 19
2 2
2 3
2 7
2 8
2 15
2 17
3 6
3 8
3 9
3 10
3 12
3 16
3 18
3 19
3 20
4 2
4 4
4 5
4 6
4 15
4 17
4 18
4 19
5 2
5 3
5 6
5 11
5 12
5 14
5 19
6 10
6 11
6 13
6 14
6 15
6 19
7 5
7 7
7 10
7 16
7 20
8 2
8 4
8 5
8 6
8 7
8 8
8 11
8 16
9 2
9 4
9 13
9 14
10 2
10 3
10 6
10 7
10 8
10 9
10 12
11 1
11 8
11 12
11 13
11 14
11 15
11 17
11 20
12 1
12 2
12 3
12 6
12 7
12 11
12 12
12 18
13 1
13 2
13 4
13 10
13 16
13 17
14 1
14 3
14 7
14 10
14 14
14 20
15 3
15 7
15 8
15 9
15 13
15 17
15 19
16 2
16 5
16 7
16 16
16 18
17 7
17 8
17 12
17 13
17 19
18 3
18 5
18 10
18 11
18 13
18 14
18 18
19 1
19 3
19 5
19 7
19 9
19 11
19 13
19 14
19 17
20 4
20 12
20 13
20 16
20 17
20 19
