17
14 17
6 9
12 1
7 12
16 9
15 1
1 11
5 8
12 6
15 4
1 1
8 15
2 6
4 5
9 3
7 5
14 15
13 10
1 12
8 12
9 9
11 15
14 8
16 16
15 13
13 13
2 1
4 12
11 10
17 6
16 10
12 13
5 4
11 4
9 2
11 3
16 1
14 12
12 4
17 12
15 9
13 9
3 15
4 8
6 2
14 9
12 9
17 15
1 14
8 10
4 13
8 16
6 15
14 10
13 2
12 14
1 4
8 7
9 6
6 5
6 8
11 8
7 13
15 6
2 4
9 12
4 7
9 1
11 2
7 7
7 16
13 8
12 16
17 16
8 14
9 15
4 4
10 12
17 14
2 16
9 10
6 12
17 4
16 12
11 6
10 2
